26361
14859
24199
2690
14678
8956
4292
16365
5776
21827
14476
2540
9162
24926
7152
21856
13876
1609
47
4462
8578
32119
19464
29142
270
2702
704
31507
26572
19174
25586
13368
8945
192
15385
6789
31587
22086
12766
13004
8671
21574
7202
21638
12780
2222
11467
2740
30595
6343
31823
9847
25467
15154
16898
24430
23222
21923
17695
7635
19470
14943
21144
19029
14589
16758
17310
16307
7438
14784
24814
14877
24583
28058
12002
24650
16083
14174
28211
16984
22321
24995
23951
27240
16927
20282
2014
23285
26884
9955
11092
5881
416
32467
1335
4030
23732
17382
3693
5252
29553
22692
29901
8152
24481
10229
23842
7855
10903
10148
14847
3397
7896
1686
17221
1464
2182
710
23157
7267
4240
8968
26550
9723
7835
20601
31654
17260
28079
3016
16865
20337
16290
14888
4178
2549
23365
17937
7996
7469
16720
4026
13830
22642
17421
26966
22731
15583
28103
6928
17054
14255
25073
10952
14493
9811
9495
25483
445
86
30598
22741
3919
17137
11961
24966
8788
31342
14730
18084
31110
1341
15125
8662
21539
27863
26731
10140
21880
28758
5371
22863
5425
7377
6593
23260
26722
3961
812
26688
12116
15733
12752
9923
13328
23933
22992
19956
26029
20280
3337
25703
31834
7254
15359
3121
21035
28525
22920
6944
31908
7317
3386
31419
29446
6082
8341
3069
19803
29924
4849
2768
26691
19904
38
11595
31101
10636
17917
31403
24885
16973
5209
5651
17424
17393
21541
30979
14839
24876
4349
22938
7591
23058
20892
14475
18677
20601
2824
21217
18914
1548
6783
29554
23651
24623
29215
24613
13549
19863
25689
24291
26562
27044
14868
3678
30974
31109
32672
3716
24928
7946
13409
13506
5081
23880
18744
18425
20439
19183
6576
65
19534
3690
19437
18016
1931
32699
17237
28424
18360
3093
4603
28116
6190
14134
5328
15361
20349
22155
9864
28396
27197
25089
5453
14928
18067
30380
18214
23100
3202
26395
14630
8405
20215
30070
17748
9168
12691
4956
23390
17838
7990
17278
6140
5814
23887
30971
26405
18868
2022
4218
7413
14451
16998
16137
12633
13307
10540
4793
2688
7307
20432
24821
513
32085
22582
16038
4300
10236
28243
24073
19923
3022
13503
28235
11124
17601
28159
22761
8109
7727
28304
30922
8958
1361
9139
10009
12829
10109
15100
14820
15964
14367
13976
20598
14555
6777
31329
2420
9325
27418
7587
32442
23115
9504
3500
8947
28027
24365
19733
23803
22782
23594
23507
31988
25788
27582
5117
26410
27952
22157
1883
4263
31187
21041
10674
10646
20042
14585
21458
4440
25166
356
27484
28776
27743
12635
15188
5103
27432
18738
18794
26406
22961
25181
13320
9839
31303
32242
25882
10291
25643
16098
9633
22394
16381
3063
24055
15435
24294
21901
3808
11721
6280
31504
20308
2570
7079
3129
23310
4022
7572
25095
32212
13668
5213
19328
26501
6836
26550
18981
13540
28460
17574
6710
14631
27347
32753
682
21565
13456
13129
10476
25059
21056
307
25687
3429
32408
11194
19824
5685
193
27095
1254
20781
25005
10139
28234
29348
6970
7458
23182
27954
7438
26680
24127
28995
17197
5320
20354
22878
6746
16392
10192
3891
3636
16998
17777
13670
23820
3121
18618
8734
28039
8456
2310
30284
25080
24067
23925
23996
1402
30371
13671
17372
28368
21626
15543
2383
29950
17818
1975
1585
20899
9662
752
25896
3357
28218
8854
9008
4187
22692
3533
16418
30848
64
16798
27657
2109
11821
26552
15653
21227
15440
23782
15035
32107
15108
9044
18594
12478
17790
15489
16270
6755
12546
9987
15899
5748
711
31742
32409
24447
22699
26722
15770
24613
12439
32232
32060
629
15024
6090
12599
6406
8770
20293
8101
15830
31085
15311
661
17125
13197
31512
13902
4241
23147
15555
99
3504
27173
19937
15227
28015
32733
24626
29661
32493
18212
2330
16574
23191
21029
13413
26186
2370
18577
1722
3188
266
6478
27617
5758
5100
6879
19636
26439
11301
18065
10470
7768
29258
31339
4215
6573
14628
28115
14579
18499
19281
17664
10862
6501
30364
28451
16447
5303
28951
15189
31103
26367
29694
20543
21824
28599
10315
29323
13965
6995
16664
17934
3110
5714
24505
30130
14328
9479
7573
28197
29278
11300
22473
5955
9498
13835
6267
14404
31249
213
14846
29349
6602
24862
8106
32727
21925
1431
8313
7594
14811
26441
32610
21880
17209
29353
3445
2577
13468
13665
20923
30826
18475
7385
21195
5892
14423
4487
24108
30
23700
31484
26990
21146
21972
30890
26887
13743
1736
23414
14574
27476
21462
11265
29433
7528
26328
18870
20215
20897
29338
28307
26765
12347
12818
9144
1745
2396
8029
29361
16808
17737
7806
24452
8416
11083
6101
30585
4364
11103
15969
172
18979
5792
32181
5715
984
29301
19388
15824
5047
21114
23084
16502
20740
25903
25547
22043
23123
8035
4453
27746
6375
12895
12936
5829
7627
14545
17926
29541
13490
18047
3624
4241
18575
18088
11442
7960
30196
21816
667
32079
26412
32436
20361
26337
22039
4832
19726
21849
20424
30257
16805
23920
5599
7670
18282
5400
14760
9028
17053
20037
19696
6310
17365
12926
17579
3713
20995
2855
26951
29257
22574
17035
28878
13414
13032
27052
7870
24804
6547
20170
1448
5853
24406
28853
18059
2726
18396
23251
27118
32444
27603
13809
11967
24429
26911
6602
27374
27974
23266
27479
22985
8768
21805
21468
29718
15785
24707
7343
11762
8916
12562
31687
13932
30336
5552
7432
5344
9993
23190
29776
16405
19280
7135
9281
2838
1131
17344
1485
977
19981
12421
7298
8049
27060
15952
923
20603
20629
12432
8130
25258
22599
14146
8614
14475
30257
3050
9537
18137
19893
25168
31206
27030
29977
10491
24333
28398
7482
21871
16863
29643
2031
14374
18304
28215
31038
5199
12318
374
3905
30536
24254
30687
11478
3037
4545
32382
25353
25918
6201
32363
1346
32194
4078
12264
21551
25950
30766
17214
27503
23523
9560
15188
24068
21243
24871
22036
11637
5090
17343
7806
1990
1252
4473
1160
30745
19097
10607
5820
30240
16611
20678
14736
74
1956
26302
30852
11433
8000
19835
19710
23717
20694
5009
30437
32611
24125
10833
17151
3827
13760
13525
23307
13372
9626
15309
31646
15783
19248
21000
11198
21646
14865
30146
21056
