306
855
591
588
607
929
152
443
932
12
154
411
817
4
419
259
648
25
844
405
599
171
284
575
35
39
302
266
856
930
783
136
657
311
903
161
65
474
42
83
362
983
333
140
948
113
706
979
95
353
412
230
82
54
829
215
869
424
749
652
743
83
683
858
702
68
941
733
895
775
470
898
456
251
291
26
632
454
960
279
647
678
210
39
802
859
148
907
734
678
507
384
662
167
25
163
661
856
134
408
878
511
422
492
830
284
728
959
750
276
993
723
180
559
458
405
496
108
842
872
426
921
25
319
356
167
525
196
791
830
781
762
392
326
252
319
805
295
449
115
319
518
699
130
870
307
235
746
6
105
386
812
475
915
369
116
813
756
607
152
813
988
377
866
228
979
342
256
527
429
648
814
242
666
459
873
466
679
559
681
443
753
179
520
128
658
871
655
260
863
818
524
240
379
782
322
418
861
46
198
270
718
158
582
798
232
101
86
964
201
42
51
94
444
172
63
973
609
359
408
854
991
660
280
137
277
839
737
186
239
267
818
666
685
828
208
671
616
478
40
77
746
511
665
876
454
54
511
35
49
879
265
93
127
354
43
352
168
138
702
654
148
171
805
92
938
741
644
879
110
579
470
376
669
485
941
77
505
728
430
774
150
205
810
32
795
167
641
455
673
487
291
492
439
393
806
127
815
288
632
930
751
515
855
609
211
42
4
787
758
946
982
64
212
167
9
285
601
788
877
563
58
335
808
351
276
734
209
941
201
757
986
707
70
763
37
250
279
604
680
178
161
31
573
200
446
816
748
759
386
957
670
702
325
332
437
110
624
73
997
185
306
435
112
251
904
818
790
939
977
720
219
750
69
310
260
952
468
67
521
53
289
943
156
628
142
197
429
251
909
641
663
915
158
135
557
470
888
806
462
96
238
30
351
961
985
264
579
164
283
331
754
508
370
694
625
57
138
678
856
496
781
392
56
146
341
346
830
260
141
303
655
504
445
370
745
323
886
916
718
395
369
763
831
361
206
258
518
440
637
742
393
493
826
9
10
538
491
267
925
963
185
589
872
119
450
37
959
410
19
83
634
796
795
892
958
124
253
329
319
572
760
920
335
495
861
812
457
58
870
608
574
819
819
261
981
784
971
54
981
520
234
932
770
97
891
918
420
233
649
765
157
828
650
391
721
94
911
235
596
947
403
240
23
337
531
649
332
908
276
803
400
164
990
605
663
144
639
492
205
918
408
298
793
187
508
174
788
170
166
14
280
206
201
859
776
522
815
447
619
406
53
753
523
360
596
991
732
182
306
310
712
64
880
562
724
858
799
317
856
272
621
893
890
507
511
876
1000
796
14
525
960
424
388
759
363
471
493
784
144
391
828
570
622
156
692
792
530
13
235
767
937
55
571
468
989
625
646
515
572
755
855
137
209
878
333
364
507
208
525
692
260
187
707
182
631
945
388
602
104
564
846
403
471
455
426
888
729
857
646
468
978
896
714
416
819
504
694
395
313
945
393
850
58
472
471
128
625
162
70
842
817
992
243
839
625
807
994
198
219
502
660
516
462
913
760
26
792
214
854
30
38
571
853
50
723
401
757
276
460
677
407
619
520
189
605
706
120
256
315
480
229
397
138
427
79
134
435
300
437
353
469
507
733
584
223
782
719
267
257
19
326
238
887
652
418
273
221
117
352
611
478
713
367
408
698
225
59
804
843
740
272
707
340
7
979
980
365
254
960
378
336
867
852
144
921
489
145
348
724
407
534
419
502
59
226
226
551
106
740
567
72
332
498
426
845
78
130
513
239
542
55
295
958
30
712
199
871
466
303
343
206
112
809
391
140
681
54
297
569
316
865
184
94
202
381
202
941
854
865
156
416
721
736
271
434
893
700
30
450
971
543
69
961
253
947
684
420
799
984
893
242
299
934
694
317
231
931
264
439
903
542
91
853
612
439
529
317
83
303
262
1
700
436
525
984
513
592
822
573
472
988
201
75
639
261
109
17
753
330
210
962
735
514
292
469
662
647
530
512
127
324
506
103
769
68
879
435
63
820
567
674
23
195
936
735
386
442
47
105
141
111
854
22
890
638
632
837
272
280
414
717
909
303
355
473
622
103
551
708
212
236
376
281
364
482
538
522
291
509
848
808
500
26
694
939
130
157
34
471
248
632
825
21
10
684
629
788
351
828
635
853
4
642
620
149
1000
428
263
751
607
855
45
239
777
985
652
1
617
991
519
22
931
68
409
789
87
853
914
47
459
334
290
122
664
925
64
869
491
589
